// MilkShape 3D ASCII

Frames: 30
Frame: 1

Meshes: 1
"Box02" 0 0
52
0 -2.000000 2.500000 3.000000 0.000000 0.000000 -1
0 -2.000000 -2.500000 3.000000 0.000000 1.000000 -1
0 3.000000 2.500000 3.000000 1.000000 0.000000 -1
0 3.000000 -2.500000 3.000000 1.000000 1.000000 -1
0 3.000000 2.500000 3.000000 0.000000 0.000000 -1
0 3.000000 -2.500000 3.000000 0.000000 1.000000 -1
0 3.000000 2.500000 -2.000000 1.000000 0.000000 -1
0 3.000000 -2.500000 -2.000000 1.000000 1.000000 -1
0 3.000000 2.500000 -2.000000 0.000000 0.000000 -1
0 3.000000 -2.500000 -2.000000 0.000000 1.000000 -1
0 -2.000000 2.500000 -2.000000 1.000000 0.000000 -1
0 -2.000000 -2.500000 -2.000000 1.000000 1.000000 -1
0 -2.000000 2.500000 -2.000000 0.000000 0.000000 -1
0 -2.000000 -2.500000 -2.000000 0.000000 1.000000 -1
0 -2.000000 2.500000 3.000000 1.000000 0.000000 -1
0 -2.000000 -2.500000 3.000000 1.000000 1.000000 -1
0 -2.000000 2.500000 3.000000 0.000000 1.000000 -1
0 3.000000 2.500000 3.000000 1.000000 1.000000 -1
0 -2.000000 -2.500000 3.000000 0.000000 0.000000 -1
0 3.000000 -2.500000 3.000000 1.000000 0.000000 -1
0 -0.141298 0.641298 1.911198 0.000000 0.000000 -1
0 -0.716540 -1.216540 0.808996 0.000000 1.000000 -1
0 1.716540 1.216540 0.808996 1.000000 0.000000 -1
0 1.141298 -0.641298 1.911198 1.000000 1.000000 -1
0 1.141298 0.641298 -0.911198 1.000000 0.000000 -1
0 1.716540 -1.216540 0.191004 1.000000 1.000000 -1
0 -0.716540 1.216540 0.191004 1.000000 0.000000 -1
0 -0.141298 -0.641298 -0.911198 1.000000 1.000000 -1
0 0.458885 -0.318807 1.396348 0.000000 0.000000 -1
0 -0.318941 -0.286258 0.085405 0.000000 1.000000 -1
0 1.318941 0.286258 0.085405 1.000000 0.000000 -1
0 0.168821 -0.059593 1.398363 1.000000 1.000000 -1
0 0.262859 -0.237141 -0.849694 1.000000 0.000000 -1
0 0.906483 -0.406483 0.675471 1.000000 1.000000 -1
0 -0.318941 0.286258 0.914595 1.000000 0.000000 -1
0 0.548406 0.029798 -0.123142 1.000000 1.000000 -1
0 0.443328 -1.087753 1.327721 0.000000 0.000000 -1
0 -0.444110 0.265761 -0.439796 0.000000 1.000000 -1
0 1.474157 -0.397286 -0.238485 1.000000 0.000000 -1
0 -0.541012 0.079686 1.128237 1.000000 1.000000 -1
0 -0.135086 -0.898383 -0.824637 1.000000 0.000000 -1
0 0.532282 -0.087605 1.270887 1.000000 1.000000 -1
0 -0.589580 -0.319826 1.309114 1.000000 0.000000 -1
0 0.614367 0.747822 -0.399402 1.000000 1.000000 -1
0 0.401683 -2.044379 1.194113 0.000000 0.000000 -1
0 -0.927300 0.682018 -1.166416 0.000000 1.000000 -1
0 1.469850 -1.302551 -0.577889 1.000000 0.000000 -1
0 -1.444887 -0.222051 1.291587 1.000000 1.000000 -1
0 -0.496806 -1.787797 -0.711416 1.000000 0.000000 -1
0 0.437962 -0.208934 2.225403 1.000000 1.000000 -1
0 -0.758744 -1.240074 1.552519 1.000000 0.000000 -1
0 0.268403 0.861298 -1.295031 1.000000 1.000000 -1
53
-0.560550 0.474020 -0.679035
-0.483698 -0.832685 0.269578
0.936596 -0.327456 0.124744
0.560550 -0.474020 -0.679035
1.000000 0.000000 0.000000
0.479070 0.807330 0.344544
-0.310133 -0.688576 -0.655501
-0.936596 -0.327456 -0.124744
-0.560550 -0.474020 0.679035
-1.000000 0.000000 0.000000
0.000000 1.000000 0.000000
0.000000 -1.000000 0.000000
0.136596 0.540044 -0.830478
0.630039 -0.600287 -0.492652
0.147489 -0.547110 -0.823964
0.406639 -0.565457 -0.717568
0.070969 -0.740123 -0.668716
-0.539328 -0.756280 -0.370360
0.699809 -0.713129 0.041400
-0.707107 0.707107 0.000000
-0.834785 -0.518458 -0.185300
-0.708765 -0.703781 -0.048411
-0.544726 -0.682635 0.487117
0.134414 -0.844643 0.518180
0.325814 -0.548560 0.770018
0.707107 -0.707107 0.000000
0.707107 0.707107 0.000000
0.678598 0.281085 0.678598
0.804796 0.153834 -0.573270
0.192845 0.045467 -0.980175
0.859260 0.259821 0.440642
-0.473334 -0.733571 0.487677
0.573015 -0.788651 -0.222897
0.640601 -0.719719 0.267647
-0.649777 -0.751128 -0.116608
0.174863 -0.787792 -0.590599
0.186060 -0.500177 0.845698
-0.211576 0.134006 -0.968131
0.539617 0.793643 0.280970
-0.440737 -0.482896 0.756678
0.307007 0.399611 0.863747
0.830337 -0.451418 0.326745
-0.517564 -0.851041 -0.088637
0.192577 -0.454980 -0.869429
-0.459200 0.720423 0.519736
0.311287 -0.095726 -0.945482
0.161464 0.819428 0.549971
-0.696856 -0.276572 0.661740
0.284817 0.312727 0.906135
0.773695 -0.365460 0.517528
0.603714 -0.710452 -0.361645
0.580039 -0.406493 -0.705917
-0.646178 0.723437 0.243092
156
0 0 1 2 0 1 2 1
0 1 3 2 1 3 2 1
0 4 5 6 4 4 4 2
0 5 7 6 4 4 4 2
0 8 9 10 5 6 7 1
0 9 11 10 6 8 7 1
0 12 13 14 9 9 9 2
0 13 15 14 9 9 9 2
0 12 16 6 10 10 10 3
0 16 17 6 10 10 10 3
0 18 13 19 11 11 11 3
0 13 7 19 11 11 11 3
0 1 0 20 1 0 12 1
0 20 21 1 12 13 1 1
0 2 1 21 2 1 13 1
0 21 22 2 13 14 2 1
0 0 2 22 0 2 14 1
0 22 20 0 14 12 0 1
0 3 1 21 3 1 13 1
0 21 23 3 13 15 3 1
0 2 3 23 2 3 15 1
0 23 22 2 15 14 2 1
0 6 5 23 16 17 15 1
0 23 24 6 15 18 16 1
0 4 6 24 19 16 18 1
0 24 22 4 18 14 19 1
0 7 5 23 20 17 15 1
0 23 25 7 15 21 20 1
0 6 7 25 16 20 21 1
0 25 24 6 21 18 16 1
0 10 9 25 7 6 21 1
0 25 26 10 21 22 7 1
0 8 10 26 5 7 22 1
0 26 24 8 22 18 5 1
0 11 9 25 8 6 21 1
0 25 27 11 21 23 8 1
0 10 11 27 7 8 23 1
0 27 26 10 23 22 7 1
0 14 13 27 24 25 23 1
0 27 20 14 23 12 24 1
0 12 14 20 26 24 12 1
0 20 26 12 12 22 26 1
0 15 13 27 25 25 23 1
0 27 21 15 23 13 25 1
0 6 16 20 16 27 12 1
0 20 24 6 12 18 16 1
0 19 13 27 28 25 23 1
0 27 23 19 23 15 28 1
0 21 20 28 13 12 29 1
0 28 29 21 29 30 13 1
0 22 21 29 14 13 30 1
0 29 30 22 30 31 14 1
0 20 22 30 12 14 31 1
0 30 28 20 31 29 12 1
0 23 21 29 15 13 30 1
0 29 31 23 30 32 15 1
0 22 23 31 14 15 32 1
0 31 30 22 32 31 14 1
0 24 23 31 18 15 32 1
0 31 32 24 32 33 18 1
0 22 24 32 14 18 33 1
0 32 30 22 33 31 14 1
0 25 23 31 21 15 32 1
0 31 33 25 32 34 21 1
0 24 25 33 18 21 34 1
0 33 32 24 34 33 18 1
0 26 25 33 22 21 34 1
0 33 34 26 34 35 22 1
0 24 26 34 18 22 35 1
0 34 32 24 35 33 18 1
0 27 25 33 23 21 34 1
0 33 35 27 34 36 23 1
0 26 27 35 22 23 36 1
0 35 34 26 36 35 22 1
0 20 27 35 12 23 36 1
0 35 28 20 36 29 12 1
0 26 20 28 22 12 29 1
0 28 34 26 29 35 22 1
0 21 27 35 13 23 36 1
0 35 29 21 36 30 13 1
0 24 20 28 18 12 29 1
0 28 32 24 29 33 18 1
0 23 27 35 15 23 36 1
0 35 31 23 36 32 15 1
0 29 28 36 30 29 37 1
0 36 37 29 37 38 30 1
0 30 29 37 31 30 38 1
0 37 38 30 38 39 31 1
0 28 30 38 29 31 39 1
0 38 36 28 39 37 29 1
0 31 29 37 32 30 38 1
0 37 39 31 38 40 32 1
0 30 31 39 31 32 40 1
0 39 38 30 40 39 31 1
0 32 31 39 33 32 40 1
0 39 40 32 40 41 33 1
0 30 32 40 31 33 41 1
0 40 38 30 41 39 31 1
0 33 31 39 34 32 40 1
0 39 41 33 40 42 34 1
0 32 33 41 33 34 42 1
0 41 40 32 42 41 33 1
0 34 33 41 35 34 42 1
0 41 42 34 42 43 35 1
0 32 34 42 33 35 43 1
0 42 40 32 43 41 33 1
0 35 33 41 36 34 42 1
0 41 43 35 42 44 36 1
0 34 35 43 35 36 44 1
0 43 42 34 44 43 35 1
0 28 35 43 29 36 44 1
0 43 36 28 44 37 29 1
0 34 28 36 35 29 37 1
0 36 42 34 37 43 35 1
0 29 35 43 30 36 44 1
0 43 37 29 44 38 30 1
0 32 28 36 33 29 37 1
0 36 40 32 37 41 33 1
0 31 35 43 32 36 44 1
0 43 39 31 44 40 32 1
0 37 36 44 38 37 45 1
0 44 45 37 45 46 38 1
0 38 37 45 39 38 46 1
0 45 46 38 46 47 39 1
0 36 38 46 37 39 47 1
0 46 44 36 47 45 37 1
0 39 37 45 40 38 46 1
0 45 47 39 46 48 40 1
0 38 39 47 39 40 48 1
0 47 46 38 48 47 39 1
0 40 39 47 41 40 48 1
0 47 48 40 48 49 41 1
0 38 40 48 39 41 49 1
0 48 46 38 49 47 39 1
0 41 39 47 42 40 48 1
0 47 49 41 48 50 42 1
0 40 41 49 41 42 50 1
0 49 48 40 50 49 41 1
0 42 41 49 43 42 50 1
0 49 50 42 50 51 43 1
0 40 42 50 41 43 51 1
0 50 48 40 51 49 41 1
0 43 41 49 44 42 50 1
0 49 51 43 50 52 44 1
0 42 43 51 43 44 52 1
0 51 50 42 52 51 43 1
0 36 43 51 37 44 52 1
0 51 44 36 52 45 37 1
0 42 36 44 43 37 45 1
0 44 50 42 45 51 43 1
0 37 43 51 38 44 52 1
0 51 45 37 52 46 38 1
0 40 36 44 41 37 45 1
0 44 48 40 45 49 41 1
0 39 43 51 40 44 52 1
0 51 47 39 52 48 40 1

Materials: 1
"Material01"
0.023529 0.172549 0.509804 1.000000
0.772549 0.945098 0.996078 1.000000
1.000000 1.000000 1.000000 1.000000
0.000000 0.000000 0.000000 1.000000
128.000000
1.000000
""
""

Bones: 0
GroupComments: 0
MaterialComments: 0
BoneComments: 0
ModelComment: 0
